header:
  seq: 45
  stamp:
    secs: 25942
    nsecs: 714000000
  frame_id: "map"
child_frame_id: "base_footprint"
pose:
  pose:
    position:
      x: 3.3103744895404073
      y: 1.376922568578798
      z: -0.15005465377467883
    orientation:
      x: -1.0327890657517771e-05
      y: 7.438813456611536e-05
      z: 0.3678065196860619
      w: 0.9299023381173782
  covariance: [0.0001, 0.0, 0.0, 0.0, 0.0, 0.0, 0.0, 0.0001, 0.0, 0.0, 0.0, 0.0, 0.0, 0.0, 0.0001, 0.0, 0.0, 0.0, 0.0, 0.0, 0.0, 0.0001, 0.0, 0.0, 0.0, 0.0, 0.0, 0.0, 0.0001, 0.0, 0.0, 0.0, 0.0, 0.0, 0.0, 0.0001]
twist:
  twist:
    linear:
      x: 0.006232078971961356
      y: 0.015758078532197958
      z: 0.0037478924678338256
    angular:
      x: -0.008921930900911087
      y: 0.015084145001230318
      z: 0.0016584192003270381
  covariance: [0.0001, 0.0, 0.0, 0.0, 0.0, 0.0, 0.0, 0.0001, 0.0, 0.0, 0.0, 0.0, 0.0, 0.0, 0.0001, 0.0, 0.0, 0.0, 0.0, 0.0, 0.0, 0.0001, 0.0, 0.0, 0.0, 0.0, 0.0, 0.0, 0.0001, 0.0, 0.0, 0.0, 0.0, 0.0, 0.0, 0.0001]
